213 158
239 156
266 155
293 158
320 166
344 184
365 207
381 234
386 264
383 291
367 313
348 330
326 344
302 353
278 359
255 362
233 363
189 192
178 209
174 229
177 249
186 268
189 296
184 314
186 332
194 348
210 356
208 282
225 282
241 283
258 283
268 255
273 267
278 278
276 289
273 298
207 212
204 225
205 238
212 249
213 236
212 223
219 301
214 313
215 326
222 336
224 325
222 313
297 222
291 243
289 262
293 275
291 288
297 303
306 315
323 301
329 285
330 271
326 257
316 239
299 229
297 261
299 274
300 287
307 309
313 286
314 273
311 259
